Connect Four
  player = 1
  width = 7
  height = 6
{"grid":[[0,0,0,0,0,0],[0,0,0,0,0,0],[0,0,0,0,0,0],[0,0,0,0,0,0],[0,0,0,0,0,0],[0,0,0,0,0,0],[0,0,0,0,0,0]]}
{"move":2}
{"grid":[[0,0,0,0,0,0],[0,0,0,0,0,0],[0,0,0,0,0,1],[0,0,0,0,0,0],[0,0,0,0,0,0],[0,0,0,0,0,0],[0,0,0,0,0,2]]}
{"move":1}
{"grid":[[0,0,0,0,0,0],[0,0,0,0,0,1],[0,0,0,0,0,1],[0,0,0,0,0,0],[0,0,0,0,0,0],[0,0,0,0,0,2],[0,0,0,0,0,2]]}
{"move":5}
{"grid":[[0,0,0,0,0,0],[0,0,0,0,0,1],[0,0,0,0,0,1],[0,0,0,0,0,0],[0,0,0,0,0,2],[0,0,0,0,1,2],[0,0,0,0,0,2]]}
{"move":0}
