Connect Four Group 12 - Python
player = 2
 width = 7
height = 6
{"grid":[[0,0,0,0,0,0],[0,0,0,0,0,0],[0,0,0,0,0,1],[0,0,0,0,0,0],[0,0,0,0,0,0],[0,0,0,0,0,0],[0,0,0,0,0,0]]}
{"move": 6}
{"grid":[[0,0,0,0,0,0],[0,0,0,0,0,1],[0,0,0,0,0,1],[0,0,0,0,0,0],[0,0,0,0,0,0],[0,0,0,0,0,0],[0,0,0,0,0,2]]}
{"move": 5}
{"grid":[[0,0,0,0,0,0],[0,0,0,0,0,1],[0,0,0,0,0,1],[0,0,0,0,0,0],[0,0,0,0,0,0],[0,0,0,0,1,2],[0,0,0,0,0,2]]}
{"move": 4}
{"grid":[[0,0,0,0,0,1],[0,0,0,0,0,1],[0,0,0,0,0,1],[0,0,0,0,0,0],[0,0,0,0,0,2],[0,0,0,0,1,2],[0,0,0,0,0,2]]}
{"move": 3}
